2883
2914
2864
2900
2900
2880
2884
2856
2890
2862
2909
2871
2927
2916
2953
2943
2932
2932
2932
2938
2961
2913
2862
2828
2834
2829
2833
2826
2828
2824
2826
2825
2849
3226
3370
3381
3450
3406
3426
3402
3135
3049
2847
2841
2855
2845
2854
2892
2897
3078
3130
2908
2967
2993
2912
2893
2883
2831
2906
2856
2888
2896
2866
2990
2865
2830
2833
2831
2874
3202
2988
2953
2969
2994
2872
2897
2928
2926
2930
2929
2856
2973
2940
2888
2878
2920
2873
2869
2874
2904
2832
2829
2850
2865
2835
2825
2859
2957
3096
2969
