5721
5750
5747
5748
5701
5791
5765
5736
5698
5698
5638
5680
5713
5716
5744
5659
5656
5674
5695
5710
5818
5924
5733
5813
5838
5872
5783
5746
5861
5827
5809
5644
5696
5740
5673
5629
5643
5659
5645
5635
5648
5707
5976
6073
5867
5634
5654
5639
5645
5644
5643
5647
5753
5638
5662
5628
5646
5632
5640
5634
5729
5626
5641
5623
5640
5626
5639
5627
5643
5626
5636
5617
5633
5619
5635
5622
5636
5619
5633
5714
5754
5763
5733
6002
6153
6074
5740
6073
5981
5898
6011
5758
5924
5794
5828
5760
5939
5836
5715
5797
