5790
5782
5733
6198
5898
5843
6077
5730
5695
5686
5692
5684
5713
6162
5888
6039
5887
5737
6090
5862
6045
5915
5766
5911
5703
5814
5785
5805
5724
5686
5690
5682
5747
5714
5722
5746
5762
5795
5798
5764
5795
5795
5795
5776
5706
5743
5790
5805
5803
5797
5818
5810
5804
5807
5832
5818
5830
5750
5795
5829
5784
5855
5817
5816
5756
5734
5781
5849
5801
5836
5839
5825
5766
5821
5716
5785
5825
5689
5687
5683
5714
5763
5693
5684
5689
5686
5723
5773
5815
5723
5715
5944
5788
5820
5922
5742
5701
5699
5724
5693
