5702
5844
5685
5688
5696
5892
5842
5791
5686
5701
5690
6007
5850
5655
5662
5655
5701
5659
5663
5679
5785
5906
5832
5688
5705
6155
5702
5701
5684
5663
5701
5720
5722
5721
6031
5823
6029
5857
5686
5785
5756
5679
5717
5833
6079
5687
5727
5699
6000
5797
5700
6044
6072
5692
5679
5693
6157
6067
5684
5716
6187
5823
5711
5710
5843
5681
5728
5720
5682
5717
5733
5929
5893
5740
5700
5699
5671
5689
5719
5654
5917
5863
5705
5697
5730
6093
5707
5832
5896
5809
5758
6066
5802
6140
5854
5699
5710
6127
5852
5752
