1452
1417
1418
1416
1416
1415
1416
1412
1413
1411
1416
1412
1413
1416
1414
1411
1412
1414
1412
1411
1479
1412
1414
1411
1414
1412
1415
1425
1442
1453
1503
1467
1459
1412
1426
1466
1521
1414
1414
1412
1413
1412
1413
1412
1433
1422
1423
1444
1443
1413
1413
1411
1414
1417
1421
1413
1413
1411
1412
1414
1413
1413
1415
1412
1414
1411
1416
1410
1413
1415
1413
1410
1413
1413
1417
1412
1414
1412
1413
1411
1415
1412
1412
1412
1412
1410
1411
1411
1411
1410
1411
1413
1411
1409
1413
1410
1478
1436
1450
1436
