1550
1552
1452
1460
1470
1433
1435
1434
1427
1428
1488
1447
1447
1436
1442
1423
1448
1420
1472
1436
1421
1418
1422
1426
1430
1419
1425
1427
1445
1454
1456
1531
1455
1436
1448
1440
1441
1424
1422
1442
1429
1448
1434
1442
1453
1435
1456
1489
1470
1469
1449
1424
1437
1422
1424
1420
1421
1421
1427
1443
1437
1453
1422
1419
1426
1419
1422
1422
1470
1431
1431
1420
1422
1421
1421
1421
1422
1419
1424
1437
1439
1421
1424
1420
1423
1420
1423
1419
1422
1428
1421
1418
1422
1438
1434
1434
1429
1420
1507
1420
