1512
1471
1462
1490
1447
1467
1428
1455
1427
1467
1448
1466
1426
1422
1475
1451
1456
1427
1471
1467
1447
1438
1434
1463
1449
1451
1426
1475
1459
1452
1427
1467
1461
1453
1425
1426
1471
1460
1453
1423
1451
1478
1509
1457
1467
1515
1467
1481
1496
1503
1510
1478
1487
1483
1478
1461
1497
1455
1509
1498
1491
1473
1457
1462
1470
1437
1438
1421
1425
1423
1455
1430
1430
1476
1457
1437
1445
1423
1425
1449
1470
1450
1423
1492
1446
1464
1447
1457
1426
1473
1456
1451
1427
1449
1478
1446
1443
1435
1468
1470
