3128
2997
2869
2879
2863
2877
2868
3144
3006
2904
2866
2865
2863
2846
2850
2847
2846
2846
2866
2891
2850
2847
2852
2844
2854
2858
2896
2917
3111
2981
2892
2866
2867
2894
3139
2885
2999
2883
2856
2850
2848
2848
2882
2887
2972
3071
2991
2908
2873
2872
2880
2851
2862
2887
2854
3155
2943
2991
2862
2880
2942
2862
2847
2864
3020
3009
2994
2879
2879
2883
3075
3027
2922
2882
2868
2875
3129
2951
2948
2868
2865
2914
3226
2973
3148
2872
2879
2869
2860
2851
3201
2975
3087
2885
2867
2865
2876
3163
3027
3028
