2959
2926
2869
2903
2897
2872
2850
2870
2875
2894
2876
2877
2880
2838
2848
2861
2866
2829
2852
2879
2829
2829
2887
2878
2851
2858
2900
2852
2858
2877
2873
2831
2830
2847
2835
2842
2830
2843
2852
2875
2878
2853
2879
2884
2890
2825
2832
2902
3074
2941
2855
3142
3090
3512
3238
3238
3122
3054
3156
3122
2834
2828
2843
3093
3316
3321
3268
3240
3238
3052
2988
2907
2833
2864
3114
2915
2891
3039
2935
3043
3114
3023
3039
3080
2924
2996
2962
2891
2879
2859
2856
2880
2858
2852
2844
2828
2838
2859
2854
2849
