3359
3363
3390
3350
3377
3417
3342
3391
3399
3391
3373
3443
3427
3500
3453
3408
3457
3392
3369
3396
3429
3477
3403
3495
3421
3483
3441
3479
3464
3491
3373
3424
3392
3358
3350
3383
3378
3432
3453
3589
3413
3505
3525
3488
3437
3559
3614
3539
3478
3352
3393
3485
3527
3481
3467
3514
3422
3398
3445
3409
3328
3369
3413
3380
3414
3396
3373
3409
3479
3381
3430
3448
3474
3336
3401
3387
3372
3370
3381
3431
3375
3419
3375
3449
3461
3505
3557
3455
3551
3402
3353
3364
3411
3338
3395
3357
3360
3402
3343
3381
